128090769|125000.0|3.25|722||722|TX|45|47|112051|360|SF
128090851|190000.0|3.25|682||682|AZ|42|52|112051|360|PU
128103374|822000.0|3.375|695||695|CA|40|52|112051|360|SF
128105125|330000.0|3.875|737|767.0|752|CO|40|51|112051|360|SF
128107811|175000.0|3.125|677||677|MI|40|52|112051|360|SF
128109184|735000.0|3.19|720||720|CA|44|51|112051|360|SF
128119483|199000.0|3.25|696||696|TX|48|47|112051|360|PU
128126818|125000.0|3.375|722||722|FL|37|50|112051|360|SF
128128142|75000.0|3.19|712||712|FL|41|48|112051|360|CO
128140754|193000.0|3.25|714||714|CA|40|47|112051|360|SF
128146528|575000.0|3.25|725|642.0|683|CA|50|48|112051|360|SF
128149400|460000.0|3.375|716||716|CA|39|50|112051|360|SF
128155570|126000.0|3.875|694||694|CO|37|48|112051|360|SF
128157158|178000.0|3.125|718|720.0|719|CA|36|49|112051|360|SF
128160287|200000.0|3.125|700|756.0|728|NJ|47|51|112051|360|SF
128166164|282000.0|3.25|680||680|CA|41|52|112051|360|SF
128167178|385000.0|3.262|708|765.0|736|CA|47|51|112051|360|SF
128172719|429000.0|3.625|691||691|LA|44|50|112051|360|SF
128173171|452000.0|3.0|711|715.0|713|NY|42|51|112051|360|SF
128174038|348000.0|3.5|739||739|OR|44|50|112051|360|PU
128177321|100000.0|3.99|736||736|MI|39|50|112051|360|CO
128179193|121000.0|3.75|690||690|PA|40|50|112051|360|SF
128185422|164000.0|3.125|671||671|NC|45|50|112051|360|SF
128186988|259000.0|3.374|708|680.0|694|CA|50|52|112051|360|SF
128191471|335000.0|3.0|744||744|CA|39|49|112051|360|SF
128192419|547000.0|3.5|746|784.0|765|AZ|40|49|112051|360|SF
128193569|100000.0|3.375|683||683|WV|40|52|112051|360|PU
128196928|135000.0|3.25|730|669.0|699|GA|49|50|112051|360|SF
128199088|495000.0|3.0|727|776.0|751|NV|40|50|112051|360|PU
128203002|366000.0|3.125|688||688|UT|46|50|112051|360|SF
128212116|90000.0|3.25|722|739.0|730|KS|41|50|112051|360|SF
128213858|170000.0|3.25|676||676|AZ|38|51|112051|360|SF
128224660|60000.0|3.375|675||675|FL|39|49|112051|360|SF
128231940|103000.0|3.125|708||708|MD|45|50|112051|360|SF
128233156|75000.0|3.25|737||737|OH|41|50|112051|360|SF
128234585|710000.0|3.375|724|721.0|722|CA|44|51|112051|360|SF
128236301|176000.0|3.375|703|706.0|704|OR|47|49|112051|360|SF
128237336|175000.0|3.25|684|676.0|680|ME|41|49|112051|360|SF
128247562|202000.0|3.125|721||721|OR|43|47|112051|360|SF
128248679|453000.0|3.125|742||742|WA|44|50|112051|360|PU
128251823|512000.0|3.125|746|735.0|740|CA|46|49|112051|360|SF
128276613|203000.0|3.875|724|649.0|686|NH|42|50|112051|360|SF
128278306|238000.0|3.49|673||673|NV|45|51|112051|360|PU
128279829|82000.0|3.25|744||744|MI|47|49|112051|360|SF
128280944|140000.0|3.125|697||697|TX|44|52|112051|360|PU
128281725|501000.0|3.125|691|776.0|733|HI|38|51|112051|360|CO
128283496|217000.0|3.375|732|767.0|749|WA|43|52|112051|360|SF
128290568|198000.0|3.25|720||720|AZ|35|50|112051|360|SF
128293986|500000.0|3.25|738||738|CA|49|49|112051|360|SF
128297171|500000.0|3.25|706|731.0|718|CA|46|52|112051|360|SF
128300137|222000.0|3.25|720|724.0|722|WA|45|50|112051|360|PU
128300708|75000.0|3.625|710||710|MI|45|50|112051|360|SF
128302939|125000.0|3.25|739||739|FL|44|52|112051|360|SF
128303582|108000.0|3.25|713||713|KY|37|47|112051|360|SF
128310398|663000.0|3.25|747|803.0|775|CA|48|51|112051|360|SF
128317150|176000.0|3.125|700||700|UT|35|47|112051|360|CO
128321899|822000.0|3.125|738||738|CA|46|52|112051|360|SF
128329148|184000.0|3.25|738||738|MA|49|52|112051|360|SF
128329211|105000.0|3.375|729|747.0|738|MI|49|49|112051|360|SF
128333205|295000.0|3.499|718||718|CA|40|51|112051|360|CO
128336851|70000.0|3.375|701||701|MO|46|50|112051|360|MH
128337613|187000.0|3.25|681||681|ID|42|52|112051|360|PU
128337799|546000.0|3.235|729||729|CO|38|47|112051|360|SF
128340083|143000.0|3.125|731||731|AZ|44|51|112051|360|SF
128342415|94000.0|3.375|721|736.0|728|SC|39|47|112051|360|SF
128343907|479000.0|3.125|678||678|WA|38|50|112051|360|SF
128345935|822000.0|3.25|703|728.0|715|NY|45|50|112051|360|SF
128347006|215000.0|3.25|740|700.0|720|HI|35|47|112051|360|SF
128348859|225000.0|3.25|677||677|VA|39|48|112051|360|PU
128349095|78000.0|3.375|691||691|TN|48|52|112051|360|SF
128353140|150000.0|3.0|723||723|NJ|46|49|112051|360|SF
128357077|128000.0|3.25|687||687|VA|45|48|112051|360|PU
128364323|360000.0|3.125|682||682|CA|37|52|112051|360|SF
128364988|184000.0|3.375|708|672.0|690|RI|44|52|112051|360|SF
128376575|220000.0|3.125|727||727|FL|53|48|112051|360|PU
128382260|704000.0|3.375|678|638.0|658|CA|45|47|112051|360|PU
128387228|100000.0|3.99|676||676|TX|38|48|112051|360|SF
128388193|115000.0|3.25|717||717|FL|37|47|112051|360|CO
128391304|190000.0|3.19|741||741|FL|39|48|112051|360|SF
128396190|195000.0|3.25|746||746|AL|45|49|112051|360|PU
128397192|198000.0|3.125|734||734|UT|39|51|112051|360|SF
128397426|535000.0|3.375|718||718|FL|37|50|112051|360|PU
128413753|177000.0|3.0|698|744.0|721|AZ|42|47|112051|360|CO
128414055|349000.0|3.375|671|641.0|656|AZ|35|52|112051|360|SF
128414209|153000.0|3.125|698|703.0|700|ID|40|48|112051|360|SF
128420497|190000.0|3.25|730|806.0|768|NV|50|52|112051|360|SF
128425853|272000.0|3.375|745||745|WA|46|51|112051|360|SF
128429018|95000.0|3.25|742|790.0|766|OH|38|48|112051|360|SF
128436742|250000.0|3.25|695||695|OR|41|48|112051|360|SF
128783743|267000.0|3.375|688||688|UT|48|51|112051|360|SF
128784843|88000.0|3.75|682||682|DE|44|52|112051|360|SF
128785860|298000.0|3.25|676||676|WA|36|50|112051|360|SF
128786154|130000.0|3.25|731||731|MD|41|50|112051|360|SF
128787082|731000.0|3.125|674|764.0|719|CA|41|48|112051|360|PU
128787544|114000.0|3.375|670||670|CA|49|48|112051|360|SF
128789315|345000.0|3.0|725|674.0|699|CA|41|49|112051|360|SF
128789496|190000.0|3.0|750||750|MN|40|49|112051|360|CO
128790159|499000.0|3.125|681||681|MA|40|50|112051|360|SF
128791693|410000.0|3.125|726||726|CA|43|52|112051|360|CO
128792050|175000.0|3.125|740|762.0|751|TX|37|47|112051|360|PU
128792541|410000.0|3.125|683||683|CA|50|52|112051|360|PU
128793092|415000.0|3.0|705||705|CA|50|47|112051|360|SF
128796235|135000.0|3.125|740||740|MN|44|51|112051|360|SF
128797867|169000.0|3.625|727|760.0|743|TN|36|51|112051|360|SF
128798467|125000.0|3.125|733||733|FL|40|50|112051|360|SF
128798771|178000.0|3.375|694|747.0|720|NC|36|51|112051|360|SF
128798926|248000.0|3.0|734||734|CA|44|52|112051|360|SF
128799208|176000.0|3.25|734|694.0|714|MI|44|51|112051|360|SF
128800040|135000.0|3.375|692|702.0|697|AL|36|50|112051|360|SF
128802669|350000.0|3.5|695|632.0|663|UT|39|50|112051|360|SF
128802936|217000.0|3.0|671||671|CO|49|52|112051|360|SF
128803874|128000.0|3.25|676|780.0|728|AZ|41|47|112051|360|SF
128804635|320000.0|3.25|723||723|MA|40|52|112051|360|CO
128806127|130000.0|3.375|675|705.0|690|TX|42|52|112051|360|SF
128808830|113000.0|3.125|718|787.0|752|PA|40|52|112051|360|SF
128809309|350000.0|3.375|683||683|CA|47|48|112051|360|PU
128810146|256000.0|3.125|696|716.0|706|CA|44|52|112051|360|SF
128810801|113000.0|3.25|685||685|TN|37|51|112051|360|SF
128812260|255000.0|3.125|749||749|CA|43|51|112051|360|SF
128813791|220000.0|3.5|737|694.0|715|CA|35|51|112051|360|SF
128814617|138000.0|3.375|700||700|MA|37|47|112051|360|SF
128814678|249000.0|3.25|703||703|NJ|43|50|112051|360|SF
128814808|142000.0|3.375|714||714|FL|44|50|112051|360|SF
128815193|141000.0|3.99|687||687|CA|50|50|112051|360|SF
128815771|333000.0|3.25|718||718|WA|43|52|112051|360|SF
128816644|239000.0|3.25|714||714|AZ|44|51|112051|360|SF
128817337|305000.0|3.125|695||695|AZ|36|52|112051|360|SF
128817847|180000.0|3.0|704|647.0|675|UT|39|52|112051|360|SF
128818594|298000.0|3.375|673|684.0|678|CO|50|52|112051|360|SF
128819431|200000.0|3.625|727||727|OR|45|49|112051|360|SF
128820467|138000.0|3.125|746|751.0|748|AZ|46|48|112051|360|SF
128821995|162000.0|3.375|731||731|NM|49|52|112051|360|SF
128822262|186000.0|3.25|674||674|TX|43|48|112051|360|PU
128822312|170000.0|3.5|692||692|CA|50|50|112051|360|SF
128823177|339000.0|3.25|713|801.0|757|CT|46|50|112051|360|SF
128823441|300000.0|3.25|722|728.0|725|OH|39|50|112051|360|PU
128823789|170000.0|3.0|732||732|TX|36|50|112051|360|SF
128823794|153000.0|3.375|718||718|TX|41|52|112051|360|PU
128824017|98000.0|4.375|745|764.0|754|AZ|45|51|112051|360|PU
128824576|140000.0|3.25|693||693|CA|35|49|112051|360|SF
128826603|201000.0|3.625|709||709|CA|48|52|112051|360|SF
128828060|40000.0|3.375|685||685|OH|39|50|112051|360|SF
128828449|822000.0|3.125|674||674|NY|45|49|112051|360|SF
128830478|649000.0|3.25|684||684|CA|47|48|112051|360|SF
128832460|325000.0|3.125|718||718|VA|44|52|112051|360|SF
128832939|151000.0|3.25|689||689|FL|40|51|112051|360|SF
128833451|300000.0|3.625|679|648.0|663|CA|39|50|112051|360|SF
128835039|133000.0|3.125|719|669.0|694|NY|40|48|112051|360|SF
128835883|225000.0|3.125|742|773.0|757|WA|44|50|112051|360|SF
128838286|270000.0|3.25|674||674|AZ|39|50|112051|360|SF
128841161|287000.0|3.5|743|816.0|779|CA|44|49|112051|360|SF
128842374|642000.0|3.125|736||736|CA|43|50|112051|360|PU
128842579|180000.0|3.375|744|809.0|776|AZ|44|50|112051|360|SF
128842597|141000.0|3.125|676|631.0|653|FL|43|51|112051|360|SF
128843748|160000.0|3.0|750||750|NJ|40|49|112051|360|SF
128844823|390000.0|3.125|691||691|UT|48|52|112051|360|SF
128846373|253000.0|3.125|750|683.0|716|CA|35|51|112051|360|SF
128847036|438000.0|3.125|739||739|VA|35|49|112051|360|SF
128847225|191000.0|3.875|671||671|TX|40|52|112051|360|PU
128847266|400000.0|3.0|693|668.0|680|TX|49|52|112051|360|PU
128848851|100000.0|3.125|740||740|VA|49|48|112051|360|SF
128849007|160000.0|3.374|689|709.0|699|AZ|45|50|112051|360|PU
128849307|425000.0|3.625|685||685|NV|45|51|112051|360|SF
128849658|556000.0|3.5|709||709|NY|45|49|112051|360|SF
128850298|240000.0|3.24|717||717|MN|49|48|112051|360|SF
128850449|286000.0|3.0|720|697.0|708|OR|44|51|112051|360|SF
128851774|137000.0|3.25|687||687|NC|38|50|112051|360|SF
128852544|300000.0|3.125|750||750|VA|45|48|112051|360|SF
128853476|508000.0|3.15|740|797.0|768|WA|42|51|112051|360|SF
128855332|225000.0|3.125|689||689|CA|46|47|112051|360|SF
128855893|296000.0|3.25|724||724|MA|37|51|112051|360|SF
128855968|195000.0|3.125|708||708|SC|40|50|112051|360|PU
128857374|198000.0|3.125|698||698|MN|39|52|112051|360|SF
128857682|230000.0|3.25|728|757.0|742|OH|39|49|112051|360|SF
128859765|85000.0|3.5|670||670|TX|45|48|112051|360|SF
128860824|130000.0|3.25|685||685|CA|38|51|112051|360|SF
128865122|161000.0|3.375|704||704|NC|49|50|112051|360|SF
128865716|189000.0|3.25|746|743.0|744|WA|48|49|112051|360|CO
128865749|430000.0|3.5|683||683|CA|50|48|112051|360|SF
128866182|230000.0|3.625|672||672|TX|44|51|112051|360|SF
128866433|318000.0|3.124|741|689.0|715|WA|45|50|112051|360|SF
128866912|179000.0|3.25|693||693|FL|44|52|112051|360|SF
128871392|752000.0|3.19|693|749.0|721|CA|50|52|112051|360|SF
128872768|350000.0|3.0|720|746.0|733|ID|37|50|112051|360|PU
128873481|191000.0|3.5|695|709.0|702|TN|43|51|112051|360|PU
128873898|231000.0|3.25|747||747|CA|36|52|112051|360|SF
128874941|201000.0|3.249|707||707|IL|49|51|112051|360|SF
128876245|516000.0|3.154|745|646.0|695|MI|37|52|112051|360|CO
128877522|83000.0|3.375|696||696|FL|41|52|112051|360|SF
128878426|460000.0|3.406|679||679|MA|49|52|112051|360|SF
128878521|124000.0|3.875|684||684|FL|41|51|112051|360|SF
128878965|390000.0|3.375|742|732.0|737|CA|46|48|112051|360|SF
128880981|237000.0|3.125|681|754.0|717|CA|48|50|112051|360|SF
128881067|237000.0|3.125|733||733|CO|37|48|112051|360|SF
128883083|108000.0|3.875|734||734|FL|53|50|112051|360|SF
128884358|349000.0|3.375|696|664.0|680|CA|41|47|112051|360|SF
128885625|250000.0|3.375|735||735|NV|50|52|112051|360|PU
128888254|178000.0|3.375|724||724|WA|48|51|112051|360|SF
128889978|165000.0|3.125|734|807.0|770|DE|43|48|112051|360|PU
128890424|74000.0|3.375|742|774.0|758|FL|43|50|112051|360|MH
128891688|258000.0|3.0|698||698|CA|35|50|112051|360|SF
128897888|215000.0|3.0|688|666.0|677|FL|43|48|112051|360|SF
128899825|205000.0|3.25|744||744|WA|37|52|112051|360|SF
128900959|180000.0|3.375|715|704.0|709|NY|39|49|112051|360|SF
128902068|212000.0|3.25|738|769.0|753|AL|43|52|112051|360|PU
128902701|254000.0|3.5|738|748.0|743|SC|36|48|112051|360|PU
128903020|295000.0|3.25|686||686|AZ|45|50|112051|360|SF
128903766|299000.0|3.4|679||679|AZ|36|49|112051|360|SF
128904260|179000.0|3.25|696||696|WA|39|48|112051|360|SF
128906098|220000.0|3.25|742||742|UT|43|49|112051|360|SF
128906204|248000.0|3.25|691||691|CO|43|49|112051|360|CO
128906236|98000.0|3.125|687||687|PA|39|52|112051|360|SF
128906885|325000.0|3.125|685|738.0|711|FL|35|50|112051|360|PU
128907023|308000.0|3.047|682|721.0|701|CA|39|49|112051|360|SF
128907733|231000.0|3.224|738||738|VA|47|52|112051|360|SF
128909173|290000.0|3.499|747|720.0|733|WA|47|47|112051|360|SF
128909360|319000.0|3.25|680||680|TX|45|49|112051|360|SF
128909459|207000.0|3.125|728||728|VA|36|50|112051|360|PU
128909532|201000.0|3.251|739||739|PA|40|51|112051|360|SF
128911152|205000.0|3.0|695||695|CA|42|49|112051|360|PU
128912826|141000.0|3.25|672||672|MS|41|47|112051|360|SF
128913696|203000.0|3.125|728||728|NC|47|51|112051|360|PU
128915999|335000.0|3.125|736|802.0|769|NV|37|50|112051|360|PU
128918305|125000.0|3.25|717||717|FL|44|48|112051|360|PU
128918857|319000.0|3.5|685||685|MA|39|50|112051|360|SF
128918926|245000.0|3.25|712||712|MT|42|49|112051|360|PU
128919190|464000.0|3.0|673|698.0|685|NV|46|47|112051|360|SF
128919614|213000.0|3.25|717|643.0|680|NJ|40|48|112051|360|SF
128919918|750000.0|3.125|743|768.0|755|CO|38|50|112051|360|PU
128920042|115000.0|3.25|703||703|MI|61|47|112051|360|SF
128920832|800000.0|3.25|684|736.0|710|CA|44|52|112051|360|SF
128920932|780000.0|3.19|705||705|CA|44|47|112051|360|SF
128921082|108000.0|3.375|691||691|TN|47|51|112051|360|SF
128921554|500000.0|3.375|697|668.0|682|FL|40|48|112051|360|CO
128922035|175000.0|3.125|747||747|WA|37|50|112051|360|SF
128923468|345000.0|3.25|689||689|MA|45|50|112051|360|SF
128923568|226000.0|3.25|738||738|CA|45|51|112051|360|SF
128924638|83000.0|3.375|710||710|FL|38|50|112051|360|SF
128928218|119000.0|3.125|670||670|TX|36|47|112051|360|SF
128933041|250000.0|3.25|744||744|NV|39|48|112051|360|SF
128933486|278000.0|3.375|716||716|MD|46|49|112051|360|SF
128933921|472000.0|3.25|734|750.0|742|TN|37|50|112051|360|SF
128935733|300000.0|3.3|726|784.0|755|NJ|42|52|112051|360|SF
128936889|168000.0|3.125|672|745.0|708|FL|36|47|112051|360|PU
128938947|307000.0|3.204|748||748|CA|42|49|112051|360|SF
128939546|390000.0|3.5|737||737|CA|41|48|112051|360|SF
128940766|524000.0|3.5|724||724|HI|47|48|112051|360|SF
128941338|165000.0|3.375|688||688|TX|37|48|112051|360|SF
128942960|94000.0|3.99|684||684|TX|42|50|112051|360|SF
128946681|226000.0|3.25|676|651.0|663|TX|39|48|112051|360|PU
128949929|97000.0|3.25|675|644.0|659|NC|47|48|112051|360|SF
128950085|177000.0|3.25|689||689|CA|36|52|112051|360|CO
128950655|232000.0|3.25|687|662.0|674|CO|39|47|112051|360|SF
128951254|164000.0|3.25|718||718|TX|44|47|112051|360|SF
128951275|300000.0|3.125|677|635.0|656|CA|41|51|112051|360|PU
128951281|256000.0|3.25|737|776.0|756|NH|36|52|112051|360|SF
128951954|700000.0|3.375|671|684.0|677|CA|46|47|112051|360|SF
128952176|340000.0|3.1|683||683|FL|47|52|112051|360|PU
128953037|174000.0|3.375|705||705|MA|39|49|112051|360|SF
128953778|354000.0|3.25|671|656.0|663|CA|40|48|112051|360|SF
128955754|110000.0|3.75|710||710|GA|40|48|112051|360|SF
128957504|170000.0|3.125|698|698.0|698|UT|35|49|112051|360|SF
128958159|308000.0|3.25|715||715|CA|39|49|112051|360|CO
128962207|188000.0|3.0|688||688|IL|43|52|112051|360|SF
128962759|150000.0|3.99|695||695|CO|48|50|112051|360|CO
128963206|57000.0|3.375|689||689|AR|41|48|112051|360|SF
128963440|530000.0|3.25|718|768.0|743|NY|47|51|112051|360|SF
128963617|159000.0|3.375|750||750|FL|44|47|112051|360|SF
128964313|151000.0|3.5|676||676|NC|45|50|112051|360|SF
128965040|76000.0|3.875|716||716|VA|40|50|112051|360|SF
128967487|200000.0|3.125|740||740|FL|40|48|112051|360|PU
128968253|155000.0|3.5|699||699|OK|49|52|112051|360|PU
128969337|98000.0|5.0|721|754.0|737|FL|35|50|112051|360|SF
128969426|445000.0|3.31|696|775.0|735|TX|40|50|112051|360|PU
128973318|143000.0|3.25|708||708|AZ|35|47|112051|360|PU
128974132|148000.0|3.146|741||741|WA|50|50|112051|360|CO
128975507|120000.0|3.25|709||709|GA|42|52|112051|360|PU
128975606|672000.0|3.99|704||704|NY|50|50|112051|360|SF
128978849|324000.0|3.125|689|713.0|701|MD|39|48|112051|360|PU
128978924|225000.0|3.375|736|746.0|741|MD|40|52|112051|360|PU
128981246|115000.0|3.25|708|701.0|704|OH|49|52|112051|360|SF
128981497|132000.0|3.49|729|795.0|762|CO|38|52|112051|360|PU
128982691|136000.0|3.25|687||687|MA|42|52|112051|360|SF
128983194|80000.0|3.5|702||702|VA|44|50|112051|360|SF
128984359|204000.0|3.25|713||713|CA|41|48|112051|360|SF
128985460|157000.0|3.5|715||715|CO|36|51|112051|360|SF
128986828|203000.0|3.25|731||731|CA|39|52|112051|360|SF
128987445|158000.0|3.25|727||727|AZ|39|49|112051|360|SF
128989706|217000.0|3.375|714||714|FL|44|47|112051|360|SF
128990441|791000.0|3.0|689||689|CA|40|51|112051|360|SF
128991537|275000.0|3.375|675|779.0|727|IL|48|47|112051|360|SF
128992395|428000.0|3.0|701|712.0|706|OR|42|51|112051|360|SF
128993691|320000.0|3.25|705||705|AZ|39|52|112051|360|SF
128994338|58000.0|3.125|723||723|NY|49|47|112051|360|SF
128996310|370000.0|3.375|678|757.0|717|CO|41|50|112051|360|SF
128996927|86000.0|3.5|705||705|TX|44|51|112051|360|PU
128998727|105000.0|3.375|750|752.0|751|FL|39|47|112051|360|SF
128999189|185000.0|3.25|742||742|FL|45|47|112051|360|SF
128999765|151000.0|3.25|675||675|TN|41|51|112051|360|SF
129001936|175000.0|3.374|736||736|FL|43|51|112051|360|SF
129002099|304000.0|3.0|701|701.0|701|AL|49|47|112051|360|SF
129002473|79000.0|3.99|742||742|MS|41|47|112051|360|PU
129004967|185000.0|3.125|674||674|FL|44|47|112051|360|PU
129006633|226000.0|3.5|695|691.0|693|FL|43|49|112051|360|SF
129009004|365000.0|3.125|675|684.0|679|TX|48|52|112051|360|PU
129010060|169000.0|3.5|742||742|TX|45|49|112051|360|PU
129011103|206000.0|3.125|726||726|AZ|37|52|112051|360|PU
129015146|180000.0|3.25|713||713|FL|44|52|112051|360|PU
129015915|120000.0|3.375|704|703.0|703|FL|38|48|112051|360|PU
129016492|395000.0|3.0|698||698|NY|42|51|112051|360|SF
129017297|136000.0|3.25|749||749|NC|43|50|112051|360|PU
129018377|188000.0|3.25|677||677|CA|37|50|112051|360|SF
129018808|175000.0|3.125|746|672.0|709|MI|43|47|112051|360|SF
129019737|145000.0|3.375|744|675.0|709|TX|44|48|112051|360|SF
129020628|241000.0|3.125|736||736|CA|43|50|112051|360|SF
129024907|215000.0|3.125|685|708.0|696|OR|35|51|112051|360|PU
129025673|139000.0|3.25|733||733|MI|41|49|112051|360|SF
129027272|397000.0|3.125|683||683|CO|41|51|112051|360|SF
129028692|108000.0|3.375|740||740|AL|36|51|112051|360|SF
129028937|212000.0|3.125|712||712|CA|49|51|112051|360|SF
129028990|200000.0|3.25|715||715|CA|48|49|112051|360|SF
129029166|460000.0|3.25|692|781.0|736|CA|42|52|112051|360|SF
129030571|286000.0|3.5|749|791.0|770|MD|38|49|112051|360|SF
129030899|162000.0|3.125|670||670|ID|46|51|112051|360|PU
129033187|124000.0|3.125|707||707|FL|41|48|112051|360|SF
129034335|120000.0|3.227|699||699|NV|35|49|112051|360|PU
129034385|338000.0|3.125|689||689|NC|45|50|112051|360|PU
129034847|130000.0|3.125|679||679|AZ|40|52|112051|360|PU
129035880|285000.0|3.125|749||749|OR|39|50|112051|360|SF
129038909|75000.0|3.5|746||746|MI|48|47|112051|360|CO
129039122|54000.0|3.125|731|770.0|750|AR|40|47|112051|360|SF
129040245|363000.0|3.25|732||732|TX|43|49|112051|360|PU
129040249|244000.0|3.25|731|762.0|746|WA|38|50|112051|360|PU
129043104|550000.0|3.375|684||684|CA|44|50|112051|360|SF
129043202|234000.0|3.24|721||721|UT|43|50|112051|360|SF
129044530|187000.0|3.367|720||720|CA|41|50|112051|360|CO
129044613|775000.0|3.125|706|731.0|718|CA|41|50|112051|360|SF
129045157|215000.0|3.25|741|731.0|736|CA|46|52|112051|360|CO
129046253|222000.0|3.25|704||704|FL|38|49|112051|360|PU
129046847|345000.0|3.199|712||712|CA|36|50|112051|360|SF
129047920|172000.0|3.375|687|711.0|699|NC|37|52|112051|360|PU
129048365|150000.0|3.375|738||738|GA|47|51|112051|360|SF
129049037|230000.0|3.375|738||738|FL|43|49|112051|360|SF
129050639|239000.0|3.125|742|704.0|723|FL|45|48|112051|360|CO
129050742|184000.0|3.25|737|739.0|738|FL|42|47|112051|360|PU
129051585|282000.0|3.5|713|742.0|727|NM|49|51|112051|360|PU
129054257|212000.0|3.375|711|754.0|732|AZ|41|52|112051|360|PU
129054825|822000.0|3.25|704|716.0|710|NY|35|47|112051|360|SF
129055106|125000.0|3.25|704||704|NM|37|52|112051|360|SF
129055608|150000.0|3.25|740||740|AZ|42|47|112051|360|PU
129058491|242000.0|3.25|733||733|NJ|35|48|112051|360|SF
129060270|98000.0|3.625|750||750|CO|44|51|112051|360|SF
129060413|636000.0|3.25|670||670|MA|48|51|112051|360|SF
129062518|125000.0|3.125|712|720.0|716|OR|40|48|112051|360|SF
129065657|225000.0|3.25|680||680|CA|48|49|112051|360|SF
129066705|35000.0|3.25|710|719.0|714|SC|39|50|112051|360|SF
129067523|300000.0|3.125|715||715|TX|43|50|112051|360|PU
129067606|386000.0|3.75|706||706|CA|50|52|112051|360|CO
129069620|85000.0|3.125|731||731|OH|39|52|112051|360|SF
129069871|95000.0|3.2|701||701|IN|37|48|112051|360|SF
129070088|510000.0|3.125|743||743|WA|37|52|112051|360|SF
129071314|256000.0|3.25|735||735|CA|42|52|112051|360|CO
129074737|206000.0|3.5|676|688.0|682|GA|39|52|112051|360|SF
129074886|188000.0|3.5|719||719|WA|45|50|112051|360|SF
129077660|113000.0|3.0|689||689|TX|48|49|112051|360|SF
129078490|270000.0|3.25|737|795.0|766|NJ|50|50|112051|360|SF
129078498|294000.0|3.125|702||702|FL|42|47|112051|360|SF
129079574|675000.0|3.25|734|728.0|731|CA|48|51|112051|360|SF
129079678|160000.0|3.55|689|661.0|675|FL|41|50|112051|360|SF
129080675|700000.0|3.375|750||750|CA|45|52|112051|360|SF
129081331|470000.0|3.25|749||749|CA|43|47|112051|360|SF
129081362|182000.0|3.375|747|749.0|748|AZ|38|51|112051|360|SF
129081822|170000.0|3.25|722||722|NJ|37|50|112051|360|SF
129081881|220000.0|3.375|747||747|AZ|41|49|112051|360|PU
129082339|93000.0|3.25|735||735|MI|38|51|112051|360|SF
129082810|227000.0|3.25|702|655.0|678|TX|43|50|112051|360|SF
129083287|215000.0|3.375|692||692|TX|49|51|112051|360|PU
129083856|258000.0|3.125|748|769.0|758|MN|40|50|112051|360|SF
129086395|162000.0|3.145|672||672|PA|46|49|112051|360|SF
129087056|449000.0|3.0|681||681|FL|44|52|112051|360|CO
129087126|114000.0|3.125|707||707|MI|36|48|112051|360|CO
129090247|179000.0|3.375|713||713|FL|42|50|112051|360|PU
129092213|202000.0|3.125|748||748|NJ|46|48|112051|360|CO
129093032|167000.0|3.125|702||702|NM|49|50|112051|360|SF
129094961|160000.0|3.125|711||711|NJ|47|50|112051|360|PU
129096365|242000.0|3.125|748||748|CA|40|49|112051|360|SF
129097151|129000.0|3.49|727||727|VA|45|49|112051|360|PU
129098314|145000.0|3.375|689||689|WA|44|49|112051|360|SF
129100778|112000.0|3.375|722||722|NC|41|47|112051|360|SF
129101033|287000.0|3.125|730|719.0|724|MO|50|52|112051|360|SF
129101370|120000.0|3.375|696||696|NC|37|49|112051|360|SF
129102299|80000.0|3.291|702||702|NJ|39|50|112051|360|SF
129102349|339000.0|3.25|688|667.0|677|CA|39|50|112051|360|SF
129102508|240000.0|3.125|729|729.0|729|AZ|46|48|112051|360|PU
129104991|822000.0|3.125|736|776.0|756|CA|49|49|112051|360|SF
129105045|425000.0|3.5|685|631.0|658|CA|37|52|112051|360|SF
129601289|460000.0|3.25|750||750|CO|49|52|112051|360|SF
129609166|388000.0|3.0|717||717|WA|45|50|112051|360|PU
129613580|240000.0|3.875|701||701|VA|41|49|112051|360|CO
129622805|250000.0|3.375|700|812.0|756|NV|47|50|112051|360|PU
129627996|670000.0|3.0|746||746|CA|46|52|112051|360|PU
129628652|246000.0|3.125|723||723|AZ|46|51|112051|360|PU
129629350|230000.0|3.125|744|704.0|724|GA|38|51|112051|360|PU
129630101|211000.0|3.0|726||726|CA|36|48|112051|360|SF
129633013|238000.0|3.249|750||750|TX|43|52|112051|360|SF
129634229|155000.0|3.5|687|780.0|733|CO|35|47|112051|360|SF
129637385|630000.0|3.375|680||680|CA|49|52|112051|360|PU
129638086|670000.0|3.124|688|765.0|726|CA|49|48|112051|360|SF
129646607|198000.0|3.25|740|757.0|748|WA|37|50|112051|360|SF
129651793|100000.0|3.375|735||735|PA|42|50|112051|360|SF
129652394|252000.0|3.75|749||749|AZ|35|51|112051|360|PU
129656684|292000.0|3.5|685||685|NC|47|50|112051|360|PU
129658862|189000.0|3.125|718||718|AZ|46|47|112051|360|PU
129667383|310000.0|3.25|743||743|OR|42|47|112051|360|SF
129674394|298000.0|3.125|748|758.0|753|NY|50|50|112051|360|SF
129685967|141000.0|3.25|720||720|CO|39|48|112051|360|SF
129693416|210000.0|4.125|720||720|OR|47|48|112051|360|SF
129702375|1053000.0|3.125|746||746|CA|46|52|112051|360|SF
129720724|161000.0|3.125|740||740|IL|45|48|112051|360|SF
129726337|180000.0|3.125|689||689|AZ|42|48|112051|360|SF
129726354|502000.0|3.25|693|685.0|689|MA|49|48|112051|360|SF
129727449|310000.0|3.125|691||691|TX|35|50|112051|360|SF
129730499|100000.0|3.25|741||741|MN|45|49|112051|360|CO
129734308|425000.0|3.0|695||695|OR|45|47|112051|360|SF
129737020|214000.0|3.0|690||690|CA|47|48|112051|360|SF
129737988|127000.0|3.25|694||694|OH|45|48|112051|360|SF
129738858|215000.0|3.0|730|787.0|758|NY|42|52|112051|360|CP
129752983|400000.0|3.125|715|702.0|708|NJ|41|47|112051|360|SF
129764067|490000.0|3.25|717|710.0|713|CA|45|47|112051|360|SF
129767455|309000.0|3.25|704||704|AZ|46|48|112051|360|SF
129771605|260000.0|3.0|747|757.0|752|UT|50|52|112051|360|PU
129771912|180000.0|3.25|675|692.0|683|MN|38|50|112051|360|SF
129777749|279000.0|3.75|729|798.0|763|CA|44|51|112051|360|CO
129780382|85000.0|3.5|701||701|IL|44|51|112051|360|SF
129781228|369000.0|3.125|735|727.0|731|AZ|45|47|112051|360|SF
129783231|210000.0|3.375|704||704|IL|44|49|112051|360|PU
129785690|228000.0|3.125|745|644.0|694|CA|45|48|112051|360|SF
129792850|184000.0|3.875|747||747|AZ|43|48|112051|360|SF
129799000|395000.0|3.125|730||730|TX|41|51|112051|360|SF
129802361|131000.0|3.25|695||695|AZ|44|48|112051|360|SF
129809291|702000.0|3.375|722|685.0|703|CA|37|51|112051|360|SF
129813429|196000.0|3.25|687|689.0|688|NV|44|51|112051|360|SF
129818206|125000.0|3.5|710||710|FL|38|50|112051|360|SF
129819124|274000.0|3.375|681||681|AZ|47|51|112051|360|PU
129824959|140000.0|3.25|705|808.0|756|TX|41|51|112051|360|SF
129833769|630000.0|3.125|714|731.0|722|CA|36|50|112051|360|SF
129836782|251000.0|3.125|692||692|AZ|42|48|112051|360|PU
129837278|200000.0|3.25|740|706.0|723|ID|44|47|112051|360|PU
129837340|244000.0|3.625|731||731|CA|48|49|112051|360|SF
129838922|116000.0|3.375|741||741|GA|42|50|112051|360|SF
129846671|306000.0|3.25|747|759.0|753|CA|47|48|112051|360|SF
129846853|268000.0|3.375|709||709|FL|43|52|112051|360|SF
129849277|202000.0|3.5|745|743.0|744|CA|43|51|112051|360|SF
129849357|366000.0|3.19|716||716|CA|42|49|112051|360|SF
129851131|256000.0|4.5|732|756.0|744|MA|49|51|112051|360|SF
129854152|340000.0|3.25|732|738.0|735|TX|39|47|112051|360|PU
129857420|107000.0|3.375|731|707.0|719|MI|44|52|112051|360|CO
129857735|345000.0|3.25|692||692|NV|42|50|112051|360|PU
129858069|310000.0|3.25|713|707.0|710|CA|43|49|112051|360|SF
129859018|306000.0|3.125|705|700.0|702|OR|41|47|112051|360|SF
129859652|200000.0|3.125|750|800.0|775|MT|43|50|112051|360|MH
129865260|88000.0|3.25|717||717|NE|43|52|112051|360|SF
129865462|245000.0|3.5|736||736|NY|48|49|112051|360|SF
129866428|395000.0|3.0|731|652.0|691|CA|46|52|112051|360|SF
129872062|250000.0|3.125|680||680|CO|45|49|112051|360|PU
129872754|140000.0|3.25|740||740|AZ|38|50|112051|360|PU
129875971|208000.0|3.125|697||697|FL|44|47|112051|360|PU
129879432|486000.0|3.25|683||683|AZ|42|47|112051|360|SF
129884592|328000.0|3.25|688|693.0|690|AZ|45|51|112051|360|PU
129885265|260000.0|3.375|705||705|CA|44|50|112051|360|PU
129889116|225000.0|3.25|671||671|FL|50|49|112051|360|SF
129896828|107000.0|3.5|726||726|AZ|40|51|112051|360|CO
129897266|372000.0|3.375|676|646.0|661|CA|48|48|112051|360|SF
129897967|103000.0|3.0|715|765.0|740|MN|36|47|112051|360|PU
129898908|203000.0|3.625|697||697|AZ|49|49|112051|360|SF
129905561|234000.0|3.25|720||720|CA|46|52|112051|360|SF
129905935|491000.0|3.125|717||717|MA|48|47|112051|360|SF
129909808|251000.0|3.5|747||747|TN|38|50|112051|360|CO
129914457|440000.0|3.125|747|684.0|715|NY|44|48|112051|360|SF
129922295|284000.0|3.125|722|754.0|738|TX|44|52|112051|360|PU
129925212|363000.0|3.5|700|754.0|727|WA|46|50|112051|360|SF
129934179|393000.0|3.0|674|673.0|673|FL|35|52|112051|360|SF
130382610|470000.0|4.125|725||725|NY|40|52|112051|360|SF
130403846|150000.0|3.125|701||701|TX|47|50|112051|360|PU
130408987|138000.0|3.0|729|702.0|715|MI|46|50|112051|360|CO
130441745|625000.0|3.125|693|720.0|706|CA|39|50|112051|360|PU
130502563|313000.0|3.125|736|759.0|747|CA|48|47|112051|360|SF
130515477|597000.0|3.375|733|777.0|755|CO|47|48|112051|360|PU
130541872|572000.0|3.25|689|743.0|716|CA|35|50|112051|360|SF
130560931|261000.0|3.25|689|802.0|745|CA|47|51|112051|360|SF
130568300|625000.0|3.875|744||744|FL|45|50|112051|360|SF
130603118|625000.0|3.25|717||717|FL|44|47|112051|360|SF
130613432|300000.0|3.25|705||705|NY|50|49|112051|360|SF
130613699|350000.0|3.25|739||739|NY|41|50|112051|360|CO
130622009|600000.0|3.125|737||737|CA|47|47|112051|360|PU
132819251|391000.0|3.625|681||681|NJ|44|47|112051|360|SF
